48
96
1607100482
552
53
9
1607100964
643
3
22
1607101446
55
91
51
1607101928
608
35
1
1607102410
379
15
8
1607102892
397
40
14
1607103374
493
83
41
1607103856
593
68
87
1607104338
227
13
92
1607104820
656
24
13
1607105302
133
76
23
1607105784
123
65
95
1607106266
621
79
48
1607106748
608
72
94
1607107230
228
70
44
1607107712
567
23
95
1607108194
345
59
71
1607108676
251
51
73
1607109158
113
39
35
1607109640
537
24
9
1607110122
368
66
74
1607110604
148
40
12
1607111086
12
31
20
1607111568
246
65
1
1607112050
65
44
3
1607112532
421
11
63
1607113014
279
2
35
1607113496
337
5
29
1607113978
266
70
87
1607114460
578
88
13
1607114942
338
70
97
1607115424
671
43
56
1607115906
645
37
80
1607116388
215
32
1
1607116870
432
5
62
1607117352
64
96
78
1607117834
109
15
60
1607118316
265
51
12
1607118798
210
15
31
1607119280
468
23
88
1607119762
408
99
34
1607120244
380
62
29
1607120726
531
17
66
1607121208
677
50
49
1607121690
343
62
96
1607122172
278
22
77
1607122654
139
32
95
1607123136
74
9
56
1607123618
526
70
100
1607124100
569
5
3
1607124582
289
69
41
1607125064
450
96
55
1607125546
257
87
81
1607126028
312
38
65
1607126510
150
25
33
1607126992
303
28
12
1607127474
276
96
41
1607127956
495
55
55
1607128438
35
52
62
1607128920
643
66
75
1607129402
155
2
93
1607129884
677
89
28
1607130366
280
59
83
1607130848
359
74
85
1607131330
645
98
14
1607131812
719
2
31
1607132294
525
15
67
1607132776
641
97
38
1607133258
219
83
44
1607133740
108
77
99
1607134222
671
20
35
1607134704
445
34
54
1607135186
679
80
47
1607135668
645
18
71
1607136150
461
21
90
1607136632
570
97
21
1607137114
340
38
87
1607137596
349
23
6
1607138078
525
20
10
1607138560
290
30
58
1607139042
179
39
34
1607139524
236
92
22
1607140006
123
4
65
1607140488
326
28
95
1607140970
321
14
93
1607141452
333
46
76
1607141934
112
82
18
1607142416
133
90
14
1607142898
583
50
12
1607143380
5
34
73
1607143862
558
20
35
1607144344
533
68
15
1607144826
7
81
8
1607145308
302
51
54
1607145790
89
24
22
1607146272
41
91
14
1607146754
450
26
20
1607147236
271
87
93
1607147718
473
70
86
1607148200
672
52
50
1607148682
55
29
26
1607149164
584
31
2
1607149646
282
77
23
1607150128
250
46
58
1607150610
539
45
71
1607151092
201
35
79
1607151574
604
39
98
1607152056
462
56
8
1607152538
209
71
15
1607153020
79
70
66
1607153502
16
100
20
1607153984
427
80
41
1607154466
525
4
66
1607154948
9
50
17
1607155430
386
61
70
1607155912
22
28
67
1607156394
655
14
73
1607156876
380
61
27
1607157358
11
46
64
1607157840
573
65
66
1607158322
282
72
88
1607158804
161
11
8
1607159286
517
67
43
1607159768
440
2
40
1607160250
690
25
12
1607160732
393
7
12
1607161214
630
51
9
1607161696
362
51
6
1607162178
687
4
85
1607162660
309
38
16
1607163142
275
72
67
1607163624
179
72
40
1607164106
236
99
4
1607164588
94
8
86
1607165070
670
22
54
1607165552
522
78
14
1607166034
598
79
15
1607166516
23
94
51
1607166998
270
21
8
1607167480
287
93
11
1607167962
57
99
79
1607168444
61
86
11
1607168926
402
98
24
1607169408
416
96
15
1607169890
576
34
1
1607170372
491
41
34
1607170854
589
93
6
1607171336
85
86
2
1607171818
491
2
9
1607172300
679
10
64
1607172782
512
74
85
1607173264
100
43
2
1607173746
335
32
11
1607174228
647
68
83
1607174710
559
84
80
1607175192
335
73
99
1607175674
107
37
84
1607176156
669
12
7
1607176638
698
46
8
1607177120
563
58
33
1607177602
491
12
89
1607178084
194
87
99
1607178566
626
100
79
1607179048
362
100
90
1607179530
184
17
28
1607180012
58
50
49
1607180494
446
8
37
1607180976
633
42
58
1607181458
301
93
24
1607181940
572
73
86
1607182422
684
75
31
1607182904
523
43
21
1607183386
36
90
11
1607183868
714
98
38
1607184350
350
98
68
1607184832
684
93
48
1607185314
265
68
12
1607185796
77
73
99
1607186278
671
37
52
1607186760
331
75
76
1607187242
240
34
14
1607187724
593
95
97
1607188206
572
97
41
1607188688
472
88
50
1607189170
101
4
55
1607189652
165
36
97
1607190134
373
24
31
1607190616
428
97
61
1607191098
720
54
20
1607191580
414
26
82
1607192062
526
63
46
1607192544
474
61
79
1607193026
457
56
16
1607193508
447
90
67
1607193990
621
44
33
1607194472
299
11
14
1607194954
158
26
33
1607195436
482
96
29
1607195918
54
52
4
1607196400
648
