93
49
56
40
28
1
75
13
95
40
73
5
41
19
63
8
86
24
62
23
5
40
77
37
57
16
14
34
56
23
71
19
10
30
16
25
52
49
9
2
100
40
93
4
53
27
46
19
17
27
4
18
5
22
20
19
67
14
54
46
20
35
85
35
25
45
5
22
81
26
8
34
81
48
92
29
35
1
52
46
29
43
91
14
7
38
7
50
91
45
35
28
53
17
30
36
10
28
76
44
51
4
19
3
13
46
63
1
45
40
94
24
98
47
21
30
84
16
29
8
48
35
60
27
94
28
38
25
97
27
77
33
83
39
26
21
100
49
97
26
58
35
7
41
36
18
3
11
43
4
62
25
52
26
36
1
20
20
58
43
49
18
12
16
99
43
71
20
72
16
30
48
18
50
97
19
17
42
71
24
61
25
31
37
74
7
29
7
100
12
64
27
92
3
2
41
96
5
18
5
12
44
2
15
33
45
3
25
23
20
53
14
100
47
22
33
3
8
18
30
37
31
20
7
94
44
82
47
30
34
25
9
43
11
72
8
15
41
49
50
7
24
50
6
12
24
62
45
15
48
22
46
12
8
56
23
45
41
39
1
41
33
67
4
60
33
69
46
72
26
19
47
35
30
83
7
10
23
21
41
6
2
31
42
95
46
69
33
53
49
37
30
71
50
46
50
71
13
53
47
32
29
62
8
34
16
24
32
93
19
4
40
41
15
72
21
57
20
14
5
75
22
58
5
66
4
99
8
35
32
86
17
87
32
55
6
73
17
49
43
79
46
71
23
46
29
58
32
48
28
13
14
69
44
29
35
71
2
64
8
13
23
85
49
59
16
15
21
26
35
69
41
98
17
6
32
62
22
97
28
97
21
59
49
64
4
11
10
81
50
35
13
24
38
52
43
30
28
30
45
