35
81
1329167599
118
73
55
1304252410
604
21
32
1284318415
256
34
36
1553596501
511
45
72
1521132224
115
77
27
1475332101
704
51
23
1557277555
586
36
77
1580085401
349
11
6
1470316870
172
49
87
1288471481
336
51
62
1601579850
304
75
32
1602081050
347
14
45
1570449930
91
39
58
1299905128
193
50
15
1604386907
491
17
75
1391668897
92
7
43
1349377239
127
45
15
1314603880
25
38
41
1285035970
478
67
53
1307226963
562
9
72
1586507460
373
44
81
1504495231
203
14
72
1538642261
195
21
51
1587227396
98
5
95
1302295149
260
99
1
1397269093
678
38
42
1351533713
408
69
23
1319640051
153
87
38
1559649507
554
84
35
1413626527
323
94
35
1521176260
266
97
69
1293081363
458
12
14
1429045094
516
76
77
1286976961
472
68
99
1392246231
601
46
34
1482149120
549
50
47
1291742905
74
45
25
1268361054
627
32
30
1499286129
48
12
32
1335395260
199
79
56
1424548142
596
31
48
1419454283
347
66
76
1339507538
53
41
79
1423320192
574
74
83
1412917716
49
18
12
1583282686
467
36
36
1508330053
20
57
59
1460529890
644
37
64
1560405347
193
31
52
1465212424
171
73
80
1512599178
616
40
65
1411064606
561
70
66
1422759540
514
44
71
1303237052
703
18
97
1506622951
487
79
96
1313420541
674
60
10
1510727351
475
15
53
1596036975
276
62
35
1457177149
422
99
49
1527038720
708
85
79
1364510960
313
6
25
1263831903
421
72
12
1545558893
589
53
95
1300551776
251
27
1
1411319536
215
84
90
1339160206
142
37
9
1481695982
626
92
42
1331337358
379
38
48
1521070855
334
5
23
1562959487
233
27
90
1435029636
661
86
20
1352353271
170
82
96
1384972086
546
4
33
1350908189
700
47
71
1367581910
151
78
50
1326861479
202
66
81
1480668309
348
47
75
1348363303
639
49
48
1440050684
336
63
68
1317403649
589
19
23
1387163543
252
17
52
1493148982
598
66
40
1301009596
493
6
43
1606064479
288
100
37
1531158155
470
57
89
1549689421
78
50
54
1475725601
646
8
39
1329311086
641
37
31
1375507339
118
92
53
1319666113
260
43
16
1337721060
572
53
61
1573398808
509
72
79
1592647883
705
32
77
1541206004
472
40
75
1430324593
424
36
54
1531609180
546
63
62
1449954160
445
78
4
1451034704
698
56
27
1432049596
282
88
82
1480278950
288
97
98
1343395659
677
44
94
1490556179
656
85
78
1289850783
109
90
14
1446964827
601
10
93
1478506271
35
25
21
1555094104
358
6
29
1283422536
400
85
34
1540716378
142
71
48
1345932746
250
96
47
1523005099
633
16
20
1400858058
357
18
85
1482492991
392
66
25
1328871868
638
50
65
1437650129
631
54
67
1584753418
167
85
37
1328334470
310
10
80
1309324256
571
63
65
1548008357
185
67
89
1454695815
271
46
13
1486335618
454
47
66
1357585474
440
78
53
1322734012
698
84
61
1424765103
243
42
79
1442274008
525
77
68
1355423454
267
44
80
1465163132
547
4
41
1455149854
572
53
55
1605363183
162
67
57
1337981353
211
80
53
1381119116
524
36
19
1484115665
410
80
80
1400237544
684
69
6
1318697480
538
88
37
1410962856
630
23
10
1403922795
490
93
13
1451699640
135
3
32
1500157499
243
88
58
1490242329
605
50
80
1460469842
338
18
84
1347231088
59
59
7
1423620990
188
82
71
1337913631
307
51
25
1310645462
151
89
3
1456776713
24
22
90
1370462726
32
46
37
1318128201
520
32
32
1575135016
379
17
16
1445177587
117
59
96
1524948152
328
69
61
1590806078
700
67
17
1490746164
156
58
10
1295507087
38
95
93
1269152834
53
59
25
1404260378
410
3
38
1599294207
248
4
44
1388619207
471
63
47
1362856995
497
91
2
1589252991
520
33
53
1322714048
454
84
9
1524087385
263
95
75
1408142778
595
46
41
1570393528
576
41
70
1515914855
269
86
3
1607127378
562
62
48
1547908377
666
92
88
1399271935
179
41
48
1314698753
258
68
100
1376719139
236
85
27
1384374470
622
54
52
1528174722
7
79
30
1375712687
626
54
96
1490026659
688
19
62
1519796104
392
62
22
1546256690
400
1
60
1447407513
299
86
67
1333029264
294
78
15
1430907974
497
99
64
1383658163
665
43
100
1601505688
267
71
98
1465417272
413
13
60
1283844062
90
53
96
1357212881
295
65
34
1351786727
588
2
29
1444921849
647
66
97
1443600881
551
30
75
1339393987
82
52
4
1331321395
539
48
35
1411432668
150
65
11
1492062070
698
78
14
1434433281
537
31
60
1324656094
400
22
88
1528523435
692
59
76
1511791369
2
76
56
1437586695
241
13
18
1584122012
649
5
47
1449300613
192
72
62
1519392078
2
63
10
1551493518
355
89
32
1422187952
629
62
28
1481974527
650
77
62
1263554874
87
2
13
1560001658
497
37
6
1473692345
680
3
29
1490480466
133
98
98
1440759695
424
47
63
1429072111
581
57
86
1263002548
229
39
72
1490008254
350
26
23
1276216535
216
100
80
1489841732
539
42
53
1590762933
660
63
12
1276859596
309
61
58
1320412239
124
24
57
1521029822
480
11
17
1604284633
565
50
54
1271300824
680
15
29
1281646137
631
61
12
1500659820
584
72
76
1308185039
260
9
100
1478596218
155
91
16
1298840541
717
34
95
1456701716
63
46
48
1532741330
175
33
79
1598745014
120
95
7
1394020629
598
26
20
1439815210
277
69
7
1510737922
569
36
61
1549109176
363
32
93
1529921054
355
92
69
1390167333
665
82
21
1309394902
85
59
95
1374190365
274
89
24
1270071876
653
59
56
1536212466
412
43
68
1470067250
91
3
6
1417881974
620
22
45
1342460707
154
99
34
1318914598
719
52
10
1560408045
320
43
23
1376193590
604
19
24
1594901419
122
70
66
1359768407
253
31
23
1572789610
153
58
92
1356330588
26
73
60
1380437240
146
44
1
1381892274
99
8
62
1262612191
121
80
9
1514989166
128
99
23
1398058141
279
51
95
1456503482
37
73
3
1462857775
62
59
35
1603665458
349
87
35
1300322287
541
71
73
1588909566
459
12
100
1497710563
322
98
46
1398232387
188
71
55
1586905430
35
31
64
1309706572
124
78
14
1594537704
375
11
89
1583776008
689
100
89
1295338480
667
79
82
1416397410
419
80
2
1266909475
338
81
75
1393034339
356
47
56
1545862529
199
18
77
1301469503
250
17
20
1346082891
426
99
89
1365105596
200
84
58
1288537467
73
27
27
1285046852
574
18
46
1530466813
114
46
40
1498504072
713
56
82
1527135065
551
43
93
1335206215
620
97
44
1358943825
268
95
13
1532743598
179
96
28
1474315086
131
5
96
1607125325
95
83
21
1409110841
700
46
100
1578954398
30
30
10
1562817980
147
68
37
1464504947
497
50
90
1333307876
646
69
35
1424180078
652
79
90
1498262641
360
21
94
1310947177
195
54
72
1288476202
699
21
92
1368975059
709
41
89
1562885034
709
4
27
1572077338
559
60
42
1392155118
386
88
83
1423823349
598
41
59
1589795856
67
46
69
1353453466
373
14
39
1468239152
178
60
95
1380203637
551
47
77
1307299801
401
20
40
1546950778
9
79
93
1389049816
687
78
55
1279682410
278
64
93
1586306927
149
39
62
1476501681
638
91
49
1479282771
297
32
36
1474952910
358
73
3
1266366767
284
93
1
1363422874
351
67
14
1508576885
683
33
58
1546406607
379
42
38
1330005979
413
24
89
1572806123
353
36
100
1445412734
91
62
29
1454947702
275
71
77
1270602447
338
87
98
1270109531
195
36
98
1378602107
459
9
1
1285356938
83
69
53
1465587298
55
64
10
1505207827
602
1
43
1332742387
250
30
75
1347265496
204
58
12
1282664996
152
8
63
1534173840
665
64
25
1519745685
588
37
86
1279458278
358
76
19
1574077376
311
48
44
1560196854
630
73
82
1604325948
301
40
96
1393990491
636
2
86
1292915794
138
70
89
1304556852
486
11
37
1367053950
477
34
97
1399353537
612
99
1
1407844116
459
79
29
1425166298
74
44
22
1422366244
367
8
76
1576276764
178
75
22
1485910583
481
75
100
1399891092
45
51
13
1450419740
106
54
44
1389352335
614
86
72
1528047684
229
28
12
1532065619
101
43
4
1542658329
578
48
15
1285487711
384
62
23
1274928470
603
68
10
1305998752
95
90
58
1335759623
540
34
20
1315754035
55
81
30
1273689543
607
99
65
1469957349
346
59
99
1367682170
156
63
16
1510901474
492
19
81
1497280264
273
49
16
1323890165
690
50
31
1560860663
374
24
87
1585863986
460
34
31
1526101610
691
7
34
1591769288
122
71
67
1264167360
400
50
39
1327632603
436
79
79
1436126254
702
93
52
1408866882
166
59
100
1583475114
38
83
17
1312706422
233
18
43
1379715405
541
17
21
1293344927
348
45
70
1453538713
671
39
38
1348016390
581
30
47
1541627171
411
26
7
1361275337
133
69
38
1331281156
56
22
6
1300364656
460
48
53
1563225233
563
89
17
1375473279
100
50
24
1606723801
416
60
99
1476656336
349
43
41
1578243433
632
49
32
1326111575
469
26
87
1300133433
714
74
48
1596117431
80
44
7
1400193879
535
76
85
1364812604
367
73
84
1296927733
542
26
9
1369902871
29
90
34
1605747732
38
55
24
1455159804
283
13
23
1408397645
517
9
51
1452234539
140
91
34
1309758981
464
50
85
1471138263
563
59
79
1592394867
675
72
51
1524048164
324
63
93
1521883317
538
69
94
1514176277
220
84
6
1266772609
502
26
16
1512433700
27
12
64
1440652878
260
57
34
1304146034
62
11
28
1298879862
524
48
1
1570681977
462
56
19
1593034907
526
97
39
1532261549
629
76
30
1310263416
366
46
37
1342623922
290
60
23
1431484855
191
28
57
1361897038
33
94
59
1604212453
189
30
38
1454400893
460
66
55
1516041551
26
60
83
1455246687
531
38
62
1516348067
472
42
78
1364526752
90
26
41
1365881086
392
35
26
1505104813
697
84
90
1418385550
577
40
38
1330548192
603
100
82
1311233126
646
85
90
1377803610
108
45
51
1325081906
588
72
75
1379888524
713
90
5
1449058047
610
75
14
1509267260
566
15
12
1585448286
240
27
32
1454511757
224
65
51
1272783422
17
76
38
1268357469
119
93
14
1373084833
446
95
73
1512763028
548
95
10
1432085134
376
80
89
1527893167
299
18
86
1478518628
89
55
62
1290575775
580
90
8
1490437856
429
92
2
1553616967
226
54
92
1537789546
40
36
44
1552889329
711
25
32
1494353599
686
55
95
1329346608
701
9
86
1332133416
115
21
63
1275991907
364
14
15
1303340721
533
100
76
1409331020
232
36
73
1475143713
32
47
66
1298056530
209
37
3
1390044883
695
52
63
1370946370
167
7
54
1331662023
283
100
26
1324561365
480
31
60
1366736907
604
12
28
1596416165
2
99
24
1368170563
713
76
47
1417080396
124
97
2
1437600618
40
19
9
1554133032
473
70
54
1462426194
652
75
51
1576240286
430
58
49
1514942839
3
23
82
1323938063
509
29
10
1481707934
593
58
4
1339851904
196
77
97
1370712092
185
9
25
1357607709
146
22
37
1532068425
484
2
49
1461718014
425
99
30
1383284543
580
9
23
1583591335
182
57
40
1327118075
710
4
9
1427386528
536
68
51
1297794967
381
61
51
1301498905
236
21
72
1428743113
111
58
64
1461174636
362
100
81
1458988376
478
87
24
1603013075
223
78
86
1504610073
6
66
4
1391960258
386
47
93
1297484669
193
47
31
1271201770
155
80
36
1606574585
57
20
54
1376222148
673
99
91
1268295154
36
74
82
1352003025
387
41
5
1505247527
54
44
57
1389452924
201
19
17
1548704165
666
62
62
1601326073
447
57
97
1452915323
475
20
25
1492934644
10
69
98
1358528301
176
74
60
1272716721
409
82
33
1568204845
197
63
5
1330073790
571
45
3
1336177718
262
43
12
1520097057
402
58
53
1505657681
267
38
82
1454332992
702
16
7
1516921611
461
61
58
1526710740
173
2
94
1517440141
150
15
55
1390956525
679
35
93
1312454563
377
90
41
1357928712
99
53
82
1404873422
448
4
80
1280012721
45
31
91
1319846721
88
13
50
1291613112
246
9
86
1420756222
643
100
64
1366078572
681
84
40
1574636763
293
33
1
1464834379
577
91
64
1289785012
117
15
65
1448971130
212
97
12
1568797026
324
77
20
1560477452
190
20
95
1583881857
241
5
42
1555793264
287
86
61
1449770054
127
99
46
1435839089
276
41
69
1421796834
382
34
88
1520542378
433
97
4
1589021972
453
68
4
1305075305
548
6
60
1488513746
266
28
8
1307607951
111
60
14
1370943059
346
96
46
1398160391
630
57
72
1400654793
86
46
49
1482668540
428
3
40
1330087758
665
17
11
1363095158
183
71
100
1288590448
510
54
10
1556298841
245
99
52
1383181223
52
67
57
1461404123
543
50
20
1428324500
288
75
94
1341159450
691
77
39
1449854308
160
52
10
1435768712
406
27
95
1434423194
146
26
18
1388003832
510
72
86
1425495961
518
41
96
1540714291
540
36
1
1458386104
544
8
77
1520318086
643
76
27
1482084421
216
3
55
1545937485
76
48
59
1279574111
469
19
59
1563985255
342
18
20
1336236725
82
51
51
1512518191
501
92
7
1313464508
109
19
62
1562328510
706
45
25
1297569181
567
3
20
1535628546
194
50
52
1399518869
5
78
78
1308582218
474
27
83
1440103060
129
70
69
1408301452
552
46
78
1425146431
581
72
23
1276106530
423
88
63
1426052718
201
32
12
1464672176
45
66
57
1490168277
251
15
39
1317736203
67
92
85
1514538787
392
98
38
1449640443
712
5
36
1447617003
717
10
62
1562506283
505
11
66
1510931142
442
98
35
1454027281
78
39
97
1425998828
621
57
84
1387295993
337
52
91
1369036840
222
98
15
1493386782
284
27
72
1602612741
683
36
40
1314520600
154
74
13
1422392418
498
86
89
1460437494
193
27
11
1543721944
333
15
10
1292015880
153
11
67
1396630784
549
19
90
1346084881
416
23
79
1280275895
9
93
82
1415447233
188
3
51
1604429501
86
39
28
1593876640
576
59
100
1522116251
65
97
93
1564955756
312
42
85
1385666927
221
14
9
1429040375
472
58
23
1283801156
251
42
93
1327906676
232
23
66
1514886944
551
55
75
1407494490
170
69
93
1425577603
651
45
33
1392263013
192
57
52
1580690577
271
82
67
1586880133
684
68
38
1263150790
8
86
99
1271630645
186
70
37
1398120505
149
64
56
1329996310
406
12
65
1336560754
207
90
87
1506873016
698
53
5
1277842069
439
44
3
1385981410
669
40
53
1398298276
294
63
79
1299789960
582
80
22
1468614252
608
93
3
1442671163
106
30
52
1590638696
222
45
99
1558297778
44
96
100
1416411107
175
87
37
1268352739
337
40
46
1281702084
384
66
52
1439772197
180
5
52
1477816343
667
95
52
1396222140
678
22
8
1530331747
669
50
10
1366611886
530
43
87
1431800869
295
60
26
1354312928
698
97
29
1296809107
710
86
8
1426567346
511
40
77
1288014395
228
15
72
1568281230
111
68
28
1576664650
420
77
52
1454850757
265
77
68
1467305388
25
53
68
1535100150
410
1
88
1386053890
77
98
20
1495383424
80
71
87
1491032429
389
18
72
1409837122
719
61
11
1459068113
711
91
99
1524483814
422
35
86
1581461678
597
22
79
1422537848
579
93
26
1494932111
605
36
66
1300710879
307
67
23
1284869026
477
28
7
1545392631
352
81
23
1352954239
446
24
15
1517491284
398
89
20
1580884717
311
9
83
1591242681
476
19
14
1396927223
536
45
89
1408577535
149
97
52
1276503386
541
39
38
1373431409
475
56
45
1503689685
355
92
88
1357814262
173
29
72
1536408604
636
15
39
1441767655
358
89
89
1278629549
395
61
97
1364180232
408
96
57
1409470002
713
22
3
1499996067
17
5
47
1399190562
524
4
95
1553991063
48
58
32
1501364775
607
97
78
1312490924
176
27
48
1312422534
461
18
47
1506216921
84
73
88
1399109026
279
88
64
1386118868
386
55
1
1413420211
217
95
77
1350282293
430
88
12
1263238665
303
83
17
1302781958
507
22
55
1513980910
87
77
50
1567021580
145
9
90
1547351976
263
87
71
1399959695
58
91
91
1590679076
215
21
32
1545007384
171
25
20
1308080109
384
52
5
1533558778
235
91
82
1490216201
696
47
19
1303092481
481
8
49
1537005025
76
42
75
1423967989
302
33
19
1503716346
180
57
89
1593355748
435
13
70
1446227240
127
45
94
1582078136
412
98
17
1359935524
391
15
26
1520022399
228
18
75
1556852508
566
1
81
1451724216
347
72
46
1545883369
611
45
77
1498362829
493
37
20
1596809488
400
41
77
1544332986
507
92
22
1526927662
340
61
41
1446110111
107
8
90
1342917937
671
81
16
1453844386
37
99
86
1350969207
653
4
14
1522098577
298
49
39
1459316367
277
30
82
1460036662
532
63
81
1316637828
584
83
28
1486161926
713
29
84
1480284389
203
74
7
1416485273
174
87
41
1356913893
434
38
32
1378220791
370
97
39
1494344905
32
34
97
1532363052
527
5
64
1411294756
712
95
93
1313084194
232
26
64
1604412391
492
36
92
1487286009
650
19
52
1596826986
357
26
93
1325706502
219
46
39
1430616013
515
75
12
1334475248
376
98
58
1579921970
464
49
66
1421417031
146
61
28
1501578271
417
15
99
1274647024
663
88
72
1523807193
47
97
57
1423927994
573
68
51
1475805859
31
16
83
1517075539
481
10
83
1459533152
487
56
34
1511485971
423
56
76
1490202915
20
97
6
1425174736
584
12
20
1544532368
334
18
74
1560744009
428
10
56
1434242487
319
70
33
1321251591
346
70
95
1312521290
652
45
60
1360638870
423
64
49
1386904994
713
90
45
1346892807
322
51
75
1574510494
543
15
39
1525280217
667
52
4
1550274375
381
42
36
1422620702
322
42
38
1288099099
436
26
41
1502344216
241
1
75
1278051042
81
36
27
1386414768
194
87
17
1424113407
500
82
54
1472294905
192
63
52
1425025426
455
96
63
1487785594
339
58
38
1515313406
379
90
68
1468159512
146
3
47
1322350870
646
36
51
1413556402
652
44
26
1300530876
467
48
58
1394776746
296
27
97
1468507933
323
9
78
1426895620
652
50
65
1341243013
341
84
88
1433061072
514
45
64
1471866024
175
14
61
1371131772
438
14
97
1498260046
226
3
43
1474399085
41
5
70
1544388980
675
38
90
1602650423
253
9
9
1420972785
195
19
49
1339778659
637
3
69
1472733879
47
21
94
1497545747
136
39
84
1372031826
515
88
39
1587040061
685
78
23
1469266625
322
98
73
1366698586
513
92
76
1351679811
506
100
2
1578872852
134
56
68
1442261955
719
2
78
1408096427
502
54
23
1582647327
548
60
74
1493802458
309
75
35
1267072232
406
94
90
1395035471
690
5
50
1482689680
308
36
14
1548079602
257
86
32
1563123693
157
55
85
1519331603
586
45
67
1454181560
612
2
69
1544865879
250
43
80
1518172046
114
52
28
1401701495
356
61
65
1410994953
269
98
9
1404825458
369
16
53
1452803824
430
59
86
1574571540
598
71
11
1496879633
118
2
28
1534225473
171
67
16
1606780275
690
69
34
1323638215
415
33
57
1391594056
250
47
39
1387994383
225
