87
21
73
2
24
19
37
19
98
19
17
19
77
13
27
32
14
35
28
27
87
9
9
30
74
9
68
35
25
38
64
3
84
30
47
1
64
15
2
33
42
4
9
40
27
39
86
8
2
35
66
22
91
31
1
12
45
15
49
46
77
39
62
5
90
5
42
44
98
25
10
7
35
19
40
10
43
37
37
39
52
33
20
11
23
9
4
49
64
45
82
12
81
7
78
8
28
3
46
40
95
17
36
26
18
16
40
35
40
42
99
32
14
37
16
10
30
48
18
36
30
19
52
11
91
3
56
32
80
24
24
20
54
6
26
5
58
46
9
45
66
6
2
32
17
35
86
15
8
2
3
22
27
15
87
14
42
36
4
1
17
18
61
35
68
5
7
24
38
41
57
26
12
24
61
41
6
44
39
38
11
32
11
31
18
48
36
38
23
41
4
47
38
44
52
45
77
26
62
28
59
21
83
1
70
20
94
4
64
15
11
7
37
40
37
15
77
20
47
48
20
19
29
45
34
28
69
20
20
23
14
50
5
17
84
39
38
46
5
33
58
23
76
32
86
10
92
42
4
12
85
29
41
39
86
39
63
48
80
45
19
27
17
38
5
24
70
9
77
26
56
10
14
12
60
47
8
9
55
49
94
20
68
41
67
18
27
1
4
10
22
23
36
24
30
38
60
42
79
34
15
47
84
50
21
18
37
38
12
25
90
18
53
3
43
9
52
17
4
40
23
13
46
28
14
12
1
45
65
2
84
42
46
8
66
23
69
3
9
29
67
26
41
31
5
44
52
43
96
12
62
43
19
12
47
49
35
6
78
32
11
23
94
4
1
18
22
17
93
34
41
29
49
17
90
28
88
19
1
38
28
6
33
50
92
50
92
21
96
26
5
8
17
12
95
18
67
22
47
36
